$ANSIBLE_VAULT;1.1;AES256
33326562633439353432626436653962383431663863633565383363353665356561363832366263
3234393239346363303132663161633731386362333131350a646335373965346439343065333766
38616338636436646165333961343433396263353163613064303963316530636361383130343865
3861393536613232640a373035313331666539313764323165303133346335323661633138626236
31336532633437376432666563346165326563306338313265636538323837366539666461306666
33386436316433396264626666656162616536346330373765613537376135633637303438633365
37306631616633373734303838363933376663313730633038613163346636363631646532356162
34336435363930306537326539613164306635323966333961336631656139326662353561656166
36333362373164343534386464343432333166373231643964343732356639313535353133386261
64383430366165616535633366343733383833303731363863336364633532316264376239303337
36306238343337356332333563313531613132333166343762333831306631663464633161343039
61643362346438323734383265353961613135306461373262656233363265653165353462616235
66653332346661666165616230386330656534663361613363303864633465393663313336626636
36333466396165613731616461613336303136666636313566633731303230623939393838613136
35336465343132643034323331613030303634343661633839333035613364623134363234616535
34643061323130633833303038643934373630333133633039636362356230333538356134376264
32616332656166376435616264366138373637626362313336346564346537643334323065303666
30383937653939313766303861303334363033666461393661653939633136396439373034353937
34306632613666303735316661383861323533366564663137306333303031316165353831383330
63353161643066383134303661306435613765653565633633303439353564613631326439326362
65636335616437663533373831633866383730363639313534646636323131343836323236316534
38336363623764626436336364353761316534333834363537626432323337633061623030623132
31613633646136373162343835356464316232393338373638366536623539363033376635666634
36663731623836393261613036303231623531613539653739623635336465623233303932613133
38633365386639353261383737303963343765383162343736643138623532393231356236336130
37323365663031303235313065373465363638346631636430363133316533316636393534333434
30333830353639393830303564306438353335333339303934343062646636383734366364393961
65383532616136663463326435393363363237646463346430316135383138613664376634633863
64633938613061313963643531313365633064666432656237633865356133326139353166366235
36623533303030323864626633356465643063353939623438363363343765656666653935313866
64396366616433646431306535656663636133653766623562396661356361663865366263633465
30393635343836336365383036656332303530653134366332633031373466363039653539333564
63626137383030626363616435323463313766636466373338643733353732633338396131353365
31353031346366346663353438386532363566343466613363623164343437616634396139393630
61316465656436323532383439356663323763646561643162313564643565353339323130383333
66653333383637663834646630616364336536353436613439386531393064373132343661303666
36653037386432376635393361633032333930346539616132383234613363316536303532356665
39663930653531386537316536356365613461643466633330643937346337623235306365666265
36366530616637383335323131333134343039636330393036623734613132303734383262633239
64316161353335626237326236633435336536353364646132383932363836303936613039663566
30323437373066386231633339393865646361363139393663356430303734663532663663363033
37353435663761376336333434616163643666643762336338623961366232353030613231613135
35393466346130336534313963643063663136613033386361356332316464633730363461323231
35333561393431643830643561303735376638313438356265646432363033613636376161633665
38326363343662656132656239353962373237343733363833633232636661376462336565623033
36303836613838363762303534303330393934666661643035626664636236396236643563393334
39656264326330353364663666626636306139346562626137633736396338623961333361613462
66313635363832383763356363613035383163366338393731316665366566396335366437343738
33663737376161343037666631306263326134353934656236646232346132303963393938313066
33613133326265326334363833316330653639633839353431336362626161393532303736616132
61613534616532613037623264346134623666613639326239633639666237376334323366393937
30376632303432356438653564363534663333616165656532646630616631633565623965346263
64323137316430633766353030623934666161613533616330613534396565393364333161356434
32646637623362393066643662633266613735643836363939323736656339633137623338316335
37623836393037303134303964343036643733353564373766646139313936666365653734643436
32386163643736393833346437336165343639376438393938346563393231343864616637393464
32376161346262363232323834616235333964343432323265353935663538366361336163653030
62323538663237323531373438333935323462343232626235626537663637323831666364646465
33376265333866366564393934616566353436643661346135326536366435653064613835663932
31323930393239323234343535336463326564623862333666653564336136333065306333346136
62346430643137646639373464613230383235373562306366353463323131373262343433386239
63666233333536313862336235633033646466306563646335343735303362353736323665306566
36643132636432343161663664626530356437393038363865653635383539316236656434356163
37346336363536653231386130633135653531326134613338336332356537353532393738343162
34313538616130643230313934303635616331356132616435303066633438353432363063643766
38373130373539333836383439316535306337363264316137663431396630323131336262666331
66653033383434653631643866393032656531306330663636393339316661636531373631376261
61653234653962376263323233653262613562316436633866336562613963366636376236393961
31353030313062656336633066343730373637323239343763346339346438646432646236633638
35393234333565333637636338653464666139363661316135623733623262346237333537663336
64343134643161316634356536613962386264376236363638393834626364643265383236396163
34633330316131626332343830656632313434383361646131633063336138653532373566376335
65313166623266666130336361633764323939346235613239363965353937333663653432363862
64326438343934323433316436393364633935386537333063323736656538666461303431396239
32393735346266613465663366373436643932663163313133313239303961633236376337343761
39393733656238616436386238666536383638663064326535323866393865326636633539386135
32633163376133373463376233656263636432376330616366316262316463343934663166643039
63326337653835343434653361376164363330663438643737633530626337616361323263376631
34326539363434616531646665643332646430623865646434663063663366303435656232356632
66663266633632333033366166653931396463396430316438663039363263633832613736653235
66303531636361616365393433663937353534353532653032616131656466326663356339333365
36643339643666393631653937633866653734656336386664326638316664353863333432393763
34313061373364333331363036343237303765383863656630363039333563613664373439636532
35363431353064396464643961363463643937353465626539613134666139366335393636356262
34396239656662336139613165613364646630323132633435383230386139383039633061363335
63626664363562356530303030626664303066343964626536363434383364333366303265376232
66626261633238306563316432366563306562613566306565356133383531356536393661373965
34373963656334636665343562363339376238386636353830613935646236653230346564393661
39626265373231383565383536653661623265393661643863383536366461393565373038633434
34313338613231613364396638323435313235636534383333396564373061353566646335663733
37616164326166623534376437383133323534383434333533313863303639383130356565333561
31633161313435623062633637313035396537623330393831323866336336303934363339613565
37336633653933633363653732653934323166613862386663663736663035623931623564306239
39613938383461383061323433333138363738613966313532636366663435646635623834386564
31646265393638333332313333316132663963343033333766303130373663633832343633623566
33363538656162356139396361313165333237633739373236336539643737386263393032373433
61643132396533656634633130626466633364373935663837656133616431326636666235333763
30626630633263336233383065336233303234366463346337376337363939326333306138636632
32306335356434616431366332363433396463363638646434613039353866636363646663633837
62626434626139323434633830383437633566396665346137333837646164373861323235383962
32383230376330336264633334303430363232326163616262353261373765386263323339353631
62326633323263653362363333383232303730336436316635383330643931393431346638613035
61633830303036346237366662386266356565333834666530383133336332653266353666333863
32653334653962386139333430353534393531646364613436386230623232376263393436616462
35393164633665663462373164656366313363353066383665666566623866353163346565353732
61376539303839643965366432396563316333613663316166343935643464626639626435653535
61353732643439336562633637373735306666363234313561623862356631646664633661636331
64326332343633376537376531633037666536636466633438623336633931653433303636323134
32313335393737633164643430313138313662393538626639616630343465666166356363333663
63333933666461313863613937386133393836356431366136646164663664663364376264393132
39656139346433306665333862333737643465313163636132623166396266316436346162663733
30326239333263383066633130636663386638356136313834653861333361633732393630383935
65316233633736373639356437393839313631363833393561303533616534383330343239343736
39356338323134343432356136336330353431353566616235333738636533643835353930383334
36333766303764666461633064663065333333366562356632356664393764313230366430343037
61373932636264616139333636333936386463363966636532386438613537663137616432656232
61383837613262666232666237626139636563616365313934613539323831353234633330393934
38616238376532643532626439613361326662323234656135353165353137306232646261383064
66656364323665376338663134316532646434346436663632396631366537633632323330656165
31326463313736386463313835663966666262616231633034366235396132626337643233396335
33333930366636353430643531613863663332396665643161313437623838383265613038353031
66633564633562346536363735613064326137363566383738613432623636363763636363346639
62306362313137306137356562393731313631626535666530313966353137396632363232646131
33356164316136363964363235656565373465326430336433323265353238626137323662363661
63383865343739636532306333323532633365383630353135613364393031346161336632623931
65626365643034656536366564396230313462313634663732383063633232633639643132616265
36633635303531333732646635633737653138316235663363366437373565393764353261373030
39326134626465373562323538343035613063366336333366373562373162393835626239393162
30656239653533316535383237333730613462323136353131643936366561626231353534666232
30663334323438353237333232366132366635613634623561353666316663366238346563663833
38383939323737323538366264356533303664383738653863376561663666383137303039323438
34633439656235643563343130346661346239396437326338343865376133313232316561366430
65393463663431393066376131336163643261623734646161633266393939613339393234343063
63613766386164373334653665633234343233303435663166343536663738356432326264646566
35346230353033316533343730643666333364633539363961383339646238633665353439393765
38653637623737336237633663323762623461383236323131623264643930663934356133333139
37396330616638626232623837343937363439626633373638326336303732353961633338396136
31363164346138653230356263386661613830623561643131633564663634326334656532643261
39623066326638313238643666316337383531326463616339353064666639363231323132623136
36396636666439613065636536616238383437613064313564316366323333383364623534326634
64653436663330333532653534663836633733373162313733316536613434316631373563383837
32623264313265356565616265346534363161386635613336623263616331663832623766393662
66393362663465343566356533653638316162653530336337653335383666366130393066313538
34323137366639373564636561303666303338333639346138323863383834646632326137383864
31623066623362633236313934623365633364613136626236386632653231353463313663396664
65346563666438303465323866363433376466626161613531636230363439383062623632633562
35393238633162616463346634623765303964346130663834613436323433323962346561383437
66383161373163643533386163623538626637306462323738343963623934616431303065653633
62303931353164346634316663343731663135616266393666306433343365663239316662363461
32316561343835306562306463336639356561633031383461613136633130313264636266646666
39346166383939343936316161316464613839396333643264353066386637363034383865343463
31623735336638306564336230343564383331613461626335356236363238343763366239313638
37383638363032386265396562386336326365663739663831613565393033623964666537616533
36316235633662323031306630623834626438653161376262303461363430316661626666326531
31323031623033316338383262653431336236356131366633353631633934326133653237636538
33383934663439396261626435373138326132376232356335386636363362366338373665346332
37613239623638643136376466353134323332386230633135633830353531326665656238376332
35343634383337373130633731643463346465306464613632333065626535303262326132616438
64336336313836343865303361383461323064366165373432323834353736613863326537663132
36313366376362366335623966623666363763623038353761396363633634636238666439353237
38333663316530336464626338663533313835393164386130376237366662316432666537343131
62656239653031396431303637376630383835373665623861323530336362353839663731666261
61393166623266336638363538356635663339303137663935306364633536336132386361336565
64303563393864656334323461343661656432613532623835383664663464363132373837373038
36623735626333616435366336323362393161383138313235396662343639316631316636366332
34353361326336323531316365643765623563663735333761316266303666653262656233646236
66613466306139373131323037653430393036666465613666323634383634353234336436653565
61393134353237346236353038396263376561616264366166653666653965666336306435323862
37353766646432343666303139316233376338306635646666326231656465323539376236613735
3735353062313765343530353233303866356466626664353766
